12 0.002431443324810816 0.050475426547016325 0.07763072141174117 0.053817616684213226 0.15408332080012035 0.11564813422235598 0.11147039655085984 0.20922945806386928 0.11147039655085984 0.32620611286576096 0.15658996340301806 0.429814007118865 0.08765729182333189 0.49665780986280306 0.0011781220233619658 0.49665780986280306
10 0.4085075449942348 0.12567470463394667 0.3934676893768487 0.1039504687421668 0.32954830300295784 0.052146521615614776 0.2342958840928461 0.047133236409819416 0.15408332080012035 0.10729265887936372 0.10896375394796215 0.20922945806386928 0.1127237178523087 0.3328904931401548 0.15533664210156922 0.4381694824618573 0.23053592018849955 0.5 0.3145084473855718 0.5016710950685984 0.40600090239133707 0.4381694824618573 0.4135208302000301 0.4197874367072743 0.3684012633478719 0.32286392272856407 0.3684012633478719 0.20755836299527083
11 0.4097608662956836 0.11564813422235598 0.43357397102321155 0.08723951805618228 0.4987466786985512 0.043791046272622515 0.5814658845941746 0.043791046272622515 0.6629317691883492 0.1039504687421668 0.671705018298491 0.13068798983974203 0.6341053792550259 0.20421617285807395 0.6315987366521282 0.32453501779716254 0.6691983756955934 0.4131030564328805 0.6604251265854515 0.4381694824618573 0.5814658845941746 0.4933156197256062 0.4899734295884093 0.4899734295884093 0.41226750889858127 0.42814291205026656 0.36714794204642304 0.32453501779716254 0.3709079059507696 0.20087398272087703
1 0.9336491703012986 0.12066141942815133 0.9223692785882588 0.1006082786049699 0.8546899283100217 0.043791046272622515 0.7606908307013587 0.043791046272622515 0.6817315887100817 0.10227937367356836 0.6290920940492305 0.1992028876522786 0.6303454153506792 0.3195217325913671 0.6729583395999399 0.4231296268444712 0.7443976537825239 0.4949867147942047 0.8571965709129192 0.49665780986280306 0.9311425276984007 0.4314851021874635 0.8935428886549357 0.33957487341454856 0.8935428886549357 0.20922945806386928
0 0.9975685566751892 0.06384418709580396 0.9386624555070937 0.10729265887936372 0.8973028525592821 0.20922945806386928 0.8935428886549357 0.3379037783459501 0.9424224194114404 0.4398405775304557 0.9986338797814208 0.49357731951936773
10 0.40976086629568365 0.588568038635718 0.3947210106782975 0.5668438027439382 0.3308016243044067 0.5150398556173861 0.23554920539429497 0.5100265704115907 0.15533664210156922 0.5701859928811351 0.11021707524941099 0.6721227920656402 0.11397703915375755 0.7957838271419255 0.15658996340301806 0.9010628164636282 0.2317892414899484 0.9628933340017712 0.31576176868702066 0.9645644290703694 0.40725422369278597 0.9010628164636282 0.41477415150147895 0.8826807707090454 0.36965458464932077 0.7857572567303349 0.36965458464932077 0.6704516969970419
12 0.002431443324810816 0.5083554753429922 0.07763072141174117 0.5116976654801891 0.15408332080012035 0.573528183018332 0.11147039655085984 0.6671095068598453 0.11147039655085984 0.7840861616617368 0.15658996340301806 0.8876940559148413 0.08765729182333189 0.9545378586587784 0.0011781220233619658 0.9545378586587784
11 0.41226750889858127 0.5852258484985212 0.4360806136261093 0.5568172323323475 0.501253321301449 0.5133687605487878 0.5839725271970724 0.5133687605487878 0.6654384117912469 0.573528183018332 0.6742116609013887 0.6002657041159073 0.6366120218579235 0.673793887134239 0.6341053792550259 0.7941127320733276 0.671705018298491 0.8826807707090456 0.6629317691883492 0.9077471967380223 0.5839725271970724 0.9628933340017712 0.49248007219130696 0.9595511438645745 0.41477415150147895 0.8977206263264315 0.36965458464932077 0.7941127320733276 0.3734145485536673 0.6704516969970423
1 0.9349024916027475 0.5952524189101118 0.9236225998897077 0.5751992780869304 0.8559432496114706 0.518382045754583 0.7619441520028076 0.518382045754583 0.6829849100115306 0.5768703731555288 0.6303454153506794 0.673793887134239 0.6315987366521282 0.7941127320733277 0.6742116609013887 0.8977206263264317 0.7456509750839727 0.9695777142761656 0.8584498922143682 0.9712488093447637 0.9323958489998496 0.9060761016694239 0.8947962099563846 0.8141658728965091 0.8947962099563846 0.6838204575458297
0 0.9975685566751892 0.06384418709580396 0.9386624555070937 0.10729265887936372 0.8973028525592821 0.20922945806386928 0.8935428886549357 0.3379037783459501 0.9424224194114404 0.4398405775304557 0.9986338797814208 0.49357731951936773
