4 0.16114457831325305 0.27409638554216864 0.18373493975903618 0.23728246318607765 0.19691265060240967 0.17034805890227578 0.18938253012048195 0.08333333333333336 0.15832078313253015 0.0314591700133869 0.11784638554216871 0.003012048192771103 0.06701807228915665 0.023092369477911663 0.03878012048192775 0.07998661311914326 0.02842620481927715 0.14859437751004018 0.03783885542168679 0.22724230254350736 0.060429216867469916 0.27242302543507363 0.09996234939759038 0.30254350736278446 0.1385542168674699 0.2975234270414993
4 0.527296686746988 0.2740963855421684 0.5498870481927711 0.23728246318607746 0.5630647590361446 0.1703480589022757 0.5555346385542169 0.08333333333333336 0.5244728915662651 0.0314591700133869 0.4839984939759036 0.003012048192771102 0.43317018072289154 0.023092369477911667 0.40493222891566266 0.07998661311914326 0.39457831325301207 0.1485943775100402 0.4039909638554217 0.2272423025435071 0.42658132530120485 0.2724230254350734 0.4661144578313253 0.3025435073627843 0.504706325301205 0.2975234270414991
4 0.34469126506024106 0.2874832663989286 0.36728162650602414 0.2506693440428376 0.3804593373493977 0.18373493975903596 0.37292921686746994 0.09672021419009372 0.3418674698795181 0.04484605087014728 0.3013930722891566 0.016398929049531455 0.25056475903614456 0.03647925033467203 0.22232680722891568 0.0933734939759036 0.2119728915662651 0.1619812583668005 0.22138554216867473 0.24062918340026715 0.24397590361445784 0.2858099062918337 0.28350903614457834 0.3159303882195449 0.3221009036144579 0.31091030789825963
4 0.7249623493975904 0.2874832663989286 0.7475527108433735 0.2506693440428376 0.7607304216867471 0.18373493975903596 0.7532003012048193 0.09672021419009372 0.7221385542168675 0.04484605087014728 0.681664156626506 0.016398929049531455 0.630835843373494 0.03647925033467203 0.6025978915662651 0.0933734939759036 0.5922439759036144 0.1619812583668005 0.6016566265060241 0.24062918340026715 0.6242469879518072 0.2858099062918337 0.6637801204819278 0.3159303882195449 0.7023719879518073 0.31091030789825963
4 0.52917921686747 0.5953815261044172 0.5517695783132531 0.5585676037483261 0.5649472891566266 0.4916331994645245 0.5574171686746989 0.4046184738955823 0.5263554216867471 0.3527443105756359 0.4858810240963856 0.32429718875502 0.43505271084337355 0.34437751004016054 0.40681475903614467 0.4012717536813921 0.3964608433734941 0.46987951807228906 0.4058734939759037 0.5485274431057557 0.4284638554216868 0.5937081659973222 0.46799698795180733 0.6238286479250335 0.5065888554216869 0.6188085676037482
4 0.33716114457831337 0.5937081659973221 0.35975150602409645 0.5568942436412311 0.37292921686747 0.4899598393574295 0.36539909638554224 0.4029451137884873 0.3343373493975904 0.35107095046854087 0.293862951807229 0.322623828647925 0.2430346385542169 0.3427041499330655 0.214796686746988 0.3995983935742971 0.20444277108433742 0.46820615796519405 0.21385542168674707 0.5468540829986607 0.23644578313253017 0.5920348058902273 0.2759789156626507 0.6221552878179384 0.3145707831325303 0.6171352074966532
4 0.15832078313253023 0.5970548862115121 0.18091114457831348 0.5602409638554211 0.19408885542168705 0.4933065595716195 0.18655873493975925 0.4062918340026773 0.15549698795180728 0.3544176706827309 0.1150225903614458 0.325970548862115 0.06419427710843377 0.34605087014725555 0.03595632530120489 0.40294511378848713 0.025602409638554292 0.47155287817938407 0.035015060240963944 0.5502008032128507 0.05760542168674705 0.5953815261044173 0.09713855421686754 0.6255020080321284 0.13573042168674712 0.6204819277108432
4 0.16020331325301218 0.948460508701472 0.18279367469879543 0.911646586345381 0.195971385542169 0.8447121820615795 0.1884412650602412 0.7576974564926371 0.1573795180722892 0.7058232931726908 0.11690512048192774 0.6773761713520748 0.06607680722891571 0.6974564926372154 0.037838855421686836 0.7543507362784471 0.02748493975903623 0.822958500669344 0.03689759036144589 0.9016064257028106 0.05948795180722899 0.9467871485943772 0.09902108433734949 0.9769076305220884 0.13761295180722904 0.9718875502008032
4 0.34092620481927716 0.9233601070950462 0.36351656626506046 0.8865461847389552 0.37669427710843395 0.8196117804551537 0.3691641566265062 0.7325970548862113 0.3381024096385542 0.680722891566265 0.2976280120481928 0.6522757697456492 0.24679969879518074 0.6723560910307896 0.21856174698795186 0.7292503346720213 0.20820783132530124 0.7978580990629182 0.2176204819277109 0.8765060240963848 0.24021084337349402 0.9216867469879514 0.2797439759036145 0.9518072289156627 0.3183358433734941 0.9467871485943775
4 0.5263554216867471 0.9183400267737613 0.5489457831325304 0.8815261044176702 0.5621234939759039 0.8145917001338686 0.5545933734939761 0.7275769745649263 0.5235316265060241 0.6757028112449799 0.48305722891566266 0.6472556894243641 0.4322289156626507 0.6673360107095045 0.4039909638554218 0.7242302543507363 0.39363704819277123 0.7928380187416331 0.4030496987951809 0.8714859437750998 0.42564006024096396 0.9166666666666663 0.4651731927710844 0.9467871485943776 0.503765060240964 0.9417670682730924
9 0.809676204819277 0.39290495314591695 0.8360316265060239 0.3560910307898259 0.8661521084337348 0.3309906291834003 0.8981551204819276 0.32597054886211513 0.9414533132530118 0.3427041499330656 0.9762801204819276 0.39959839357429716 0.99921875 0.47017879209144325 0.9979292168674698 0.5870147255689424 0.9753388554216867 0.6589692101740293 0.9461596385542167 0.7008032128514056 0.9009789156626505 0.7242302543507363 0.8539156626506023 0.7175368139223561 0.8153237951807227 0.6790495314591699 0.7927334337349398 0.6321954484605087 0.7804969879518071 0.5568942436412315 0.7823795180722892 0.47824631860776434 0.7946159638554217 0.429718875502008
