5 0.5096689356435644 0.5710541642399535 0.5313273514851485 0.5535818287711125 0.5661355198019803 0.5396039603960396 0.6040377475247525 0.5407687827606291 0.6318842821782178 0.5710541642399535 0.6450340346534653 0.6153174140943508 0.6357518564356436 0.6723937099592311 0.6140934405940595 0.7003494467093767 0.5870204207920793 0.7178217821782181 0.5483446782178218 0.7213162492719863 0.5104424504950495 0.6956901572510195 0.48955754950495056 0.6479324403028535 0.49883972772277235 0.607163657542225
5 0.6659189356435644 0.17035527082119992 0.6875773514851485 0.1528829353523588 0.7223855198019803 0.13890506697728602 0.7595142326732672 0.15521258008153757 0.7827196782178218 0.17268491555037857 0.8012840346534654 0.21461852067559717 0.7966429455445544 0.25888177052999417 0.7517790841584159 0.26121141525917296 0.7347617574257426 0.30896913220733835 0.7038211633663366 0.307804309842749 0.6752011138613861 0.28800232964472916 0.6566367574257426 0.24140943506115317 0.6550897277227723 0.20646476412347137
5 0.3619275990099009 0.3695398951659871 0.3781714108910891 0.35439720442632494 0.3998298267326733 0.3345952242283052 0.4377320544554456 0.33576004659289466 0.4655785891089109 0.366045428072219 0.4787283415841584 0.4103086779266163 0.46944616336633666 0.4673849737914969 0.44778774752475253 0.4953407105416425 0.4261293316831683 0.529120559114735 0.3851330445544554 0.5384391380314502 0.3534189356435643 0.517472335468841 0.3688892326732673 0.453407105416424 0.3433632425742574 0.3963308095515434
5 0.05020111386138613 0.46272568433313915 0.07572710396039602 0.44408852649970876 0.10821472772277227 0.43360512521840416 0.13992883663366334 0.42778101339545715 0.1724164603960397 0.4405940594059406 0.18556621287128716 0.48485730926033793 0.18092512376237624 0.517472335468841 0.1600402227722772 0.5302853814793245 0.15153155940594057 0.552417006406523 0.11517636138613858 0.5745486313337216 0.08423576732673263 0.5780430984274898 0.050974628712871374 0.5652300524170065 0.030089727722772363 0.5174723354688405 0.03937190594059403 0.488351776354106
5 0.3387221534653465 0.8343040186371579 0.3634746287128713 0.7993593476994758 0.40756497524752466 0.7772277227722774 0.45242883663366334 0.7935352358765289 0.4771813118811881 0.8238206173558533 0.48336943069306926 0.8832265579499129 0.4740872524752476 0.9403028538147932 0.4524288366336634 0.9682585905649389 0.4253558168316832 0.9857309260337802 0.3866800742574258 0.9892253931275485 0.3487778465346535 0.9635993011065817 0.3278929455445545 0.9158415841584155 0.3232518564356435 0.861094933022714
5 0.03627784653465349 0.31013395457192783 0.057936262376237634 0.29266161910308686 0.09274443069306934 0.278683750728014 0.1306466584158416 0.27984857309260347 0.15849319306930693 0.31013395457192783 0.17164294554455442 0.3543972044263251 0.1623607673267327 0.41147350029120555 0.14379641089108908 0.4207920792079207 0.11053527227722768 0.41962725684333135 0.08036819306930691 0.4370995923121724 0.08268873762376236 0.418462434478742 0.07650061881188115 0.36371578334304017 0.05406868811881187 0.3276062900407688
14 0.1878867574257427 0.32877111240535817 0.20954517326732686 0.3112987769365172 0.24435334158415856 0.2973209085614444 0.2822555693069308 0.2984857309260338 0.3101021039603961 0.32877111240535817 0.3232518564356436 0.3730343622597555 0.30623452970297027 0.3858474082702387 0.28999071782178215 0.3940011648223646 0.2675587871287128 0.4172976121141525 0.23739170792079206 0.4452533488642982 0.1994894801980198 0.43360512521840416 0.16777537128712883 0.40564938846825815 0.17705754950495062 0.3648806057076297
6 0.26059715346534656 0.22976121141525935 0.28457611386138615 0.2239370995923123 0.3139696782178218 0.19714618520675609 0.3325340346534653 0.16569598136284228 0.3340810643564357 0.12609202096680255 0.31319616336633666 0.07483983692486897 0.2791615099009901 0.05270821199767036 0.23043007425742576 0.062026790914385566 0.20026299504950495 0.07600465928945836 0.18633972772277232 0.11327897495631917 0.17783106435643564 0.14356435643564364 0.18324566831683173 0.18083867210250448 0.20799814356435647 0.2122888759464183 0.23507116336633666 0.2274315666860805
6 0.48182240099009893 0.39283634245777516 0.5003867574257426 0.4254513686662784 0.5351949257425742 0.39516598718695395 0.5584003712871286 0.3322655794991264 0.5537592821782178 0.284507862550961 0.5274597772277229 0.23791496796738504 0.4934251237623764 0.2157833430401864 0.44469368811881205 0.22510192195690157 0.41452660891089116 0.2390797903319744 0.40060334158415856 0.27635410599883525 0.39209467821782196 0.30663948747815967 0.4029238861386138 0.3264414676761793 0.4315439356435643 0.32178217821782173 0.48027537128712866 0.3590564938846826
17 0.476407797029703 0.20879440885265024 0.5003867574257426 0.20297029702970323 0.5297803217821782 0.176179382644147 0.5483446782178217 0.1447291788002331 0.5498917079207921 0.10512521840419335 0.529006806930693 0.05387303436225977 0.4949721534653465 0.031741409435061166 0.44624071782178215 0.04105998835177637 0.4160736386138614 0.05503785672684917 0.4021503712871287 0.09231217239370998 0.39364170792079206 0.12259755387303443 0.3990563118811881 0.1598718695398954 0.4238087871287129 0.19132207338380922 0.4508818069306931 0.20646476412347142
17 0.820621905940594 0.40681421083284797 0.8291305693069306 0.4172976121141525 0.852336014851485 0.42778101339545715 0.8809560643564357 0.40681421083284797 0.8941058168316831 0.36837507280139775 0.8894647277227723 0.3276062900407688 0.8639387376237624 0.27751892836342457 0.8299040841584159 0.25538730343622595 0.7811726485148516 0.2647058823529411 0.7510055693069307 0.27868375072801393 0.7370823019801981 0.3159580663948747 0.7285736386138615 0.3462434478741992 0.7339882425742574 0.38351776354106015 0.7502320544554456 0.39516598718695395 0.7912283415841583 0.3940011648223646
17 0.8592976485148516 0.16074548631333757 0.883276608910891 0.15492137449039056 0.9126701732673267 0.12813046010483423 0.93123452970297 0.09668025626092026 0.9327815594059405 0.05707629586488057 0.9118966584158414 0.005824111822946985 0.8724474009900989 0.0 0.8252629950495048 0.0 0.7997370049504949 0.00728013977868375 0.7803991336633663 0.03174140943506115 0.7765315594059405 0.07454863133372164 0.7819461633663366 0.11182294700058255 0.8066986386138613 0.1432731508444965 0.8337716584158414 0.15841584158415875
17 0.6496751237623762 0.5326150262085032 0.6682394801980198 0.5256260920209668 0.7015006188118811 0.5023296447291787 0.7146503712871286 0.46039603960396036 0.7100092821782178 0.43476994758299364 0.7115563118811881 0.39516598718695395 0.6906714108910891 0.34391380314502035 0.6566367574257426 0.3217821782178218 0.6079053217821782 0.33110075713453696 0.5777382425742574 0.34507862550960977 0.5638149752475248 0.38235294117647056 0.5553063118811881 0.4126383226557951 0.5877939356435643 0.418462434478742 0.6063582920792079 0.42312172393709957 0.643487004950495 0.46622015142690737
17 0.19020730198019814 0.7224810716365758 0.2141862623762377 0.716656959813629 0.26137066831683164 0.6910308677926617 0.2698793316831683 0.6549213744903902 0.27297339108910884 0.6129877693651719 0.2520884900990099 0.5559114735002912 0.2010365099009901 0.5337798485730926 0.1600402227722773 0.5547466511357018 0.1298731435643565 0.5687245195107746 0.1159498762376239 0.6059988351776355 0.10744121287128723 0.63628421665696 0.11285581683168326 0.673558532323821 0.13760829207920805 0.705008736167735 0.16468131188118823 0.720151426907397
3 0.7548731435643564 0.5221316249271986 0.7896813118811881 0.5314502038439138 0.8291305693069306 0.5069889341875364 0.8422803217821782 0.46971461852067564 0.8422803217821782 0.43942923704135123 0.8244894801980198 0.41380314502038446 0.7966429455445544 0.39749563191613285 0.7695699257425742 0.3986604542807222 0.7448174504950495 0.406814210832848 0.731667698019802 0.41729761211415267 0.7169709158415841 0.45107746068724525 0.726253094059406 0.49650553290623195
3 0.8847462871287128 0.8168316831683169 0.9195544554455445 0.8261502620850322 0.9505724009900989 0.8226557949912638 0.9559870049504949 0.8249854397204427 0.9621751237623762 0.8179965055329063 0.9745513613861385 0.8040186371578335 0.9745513613861385 0.7655794991263832 0.9567605198019802 0.7317996505532907 0.9374226485148514 0.73296447291788 0.9018409653465346 0.7108328479906815 0.8778620049504949 0.6991846243447875 0.8615408415841583 0.7119976703552708 0.8468440594059405 0.7457775189283634 0.8561262376237624 0.79120559114735
3 0.2868966584158418 0.6444379732090856 0.32170482673267353 0.6537565521258006 0.36115408415841604 0.6292952824694232 0.3743038366336636 0.5920209668025626 0.3743038366336636 0.5617355853232382 0.35651299504950523 0.5361094933022714 0.3286664603960398 0.5198019801980198 0.3015934405940596 0.5209668025626092 0.27684096534653496 0.529120559114735 0.2636912128712874 0.5396039603960396 0.2636912128712871 0.5652300524170064 0.2861231435643564 0.6118229470005825
3 0.6419399752475248 0.773733255678509 0.6767481435643565 0.7830518345952243 0.716197400990099 0.7585905649388469 0.7293471534653466 0.7213162492719861 0.7293471534653466 0.6910308677926617 0.7115563118811882 0.665404775771695 0.6837097772277227 0.6490972626674434 0.6566367574257426 0.6502620850320328 0.6450340346534653 0.6654047757716948 0.6388459158415841 0.680547466511357 0.6171874999999999 0.7073383808969133 0.6133199257425743 0.7481071636575423
3 0.49574566831683164 0.8680838672102504 0.5398360148514851 0.884391380314502 0.5684560643564356 0.8669190448456611 0.5893409653465346 0.8401281304601049 0.5885674504950497 0.7923704135119395 0.5885674504950497 0.7620850320326151 0.5707766089108912 0.7364589400116484 0.5429300742574259 0.7201514269073966 0.5158570544554457 0.7213162492719861 0.491104579207921 0.7294700058241118 0.4779548267326734 0.7399534071054165 0.4632580445544556 0.773733255678509 0.47254022277227736 0.8191613278974956
3 0.6171101485148514 0.2682003494467093 0.6519183168316831 0.27751892836342457 0.6450340346534653 0.23092603377984858 0.6473545792079207 0.19947582993593477 0.6558632425742574 0.18083867210250437 0.6721070544554456 0.15404775771694817 0.6588799504950493 0.14356435643564358 0.6318069306930691 0.14472917880023298 0.6070544554455445 0.15288293535235878 0.593904702970297 0.16336633663366346 0.5792079207920791 0.19714618520675603 0.5884900990099009 0.24257425742574265
19 0.6922184405940591 0.638613861386139 0.7270266089108908 0.6479324403028542 0.774211014851485 0.6304601048340128 0.7858137376237624 0.6094933022714036 0.7889077970297029 0.5920209668025626 0.7904548267326732 0.5629004076878276 0.7556466584158417 0.5489225393127548 0.7285736386138613 0.5326150262085032 0.7069152227722769 0.5151426907396622 0.6821627475247523 0.523296447291788 0.6690129950495047 0.5337798485730926 0.6543162128712868 0.5675596971461851 0.6635983910891087 0.6129877693651723
19 0.2520884900990099 0.9988235294117647 0.28148205445544566 1.0 0.3263459158415841 0.9988235294117647 0.34258972772277224 0.9988235294117647 0.3441367574257425 0.971753057658707 0.31706373762376233 0.9181712288875947 0.2915377475247524 0.8960396039603961 0.2660117574257425 0.8937099592312172 0.24512685643564353 0.8972044263249855 0.23197710396039603 0.9041933605125219 0.21650680693069307 0.9263249854397205 0.20567759900990099 0.9635993011065812 0.2172803217821782 0.9985439720442633
19 0.6659189356435637 0.13191613278974998 0.7007271039603955 0.14123471170646534 0.7479115099009898 0.12376237623762362 0.759514232673267 0.10279557367501455 0.7626082920792076 0.08532323820617367 0.7641553217821778 0.0562026790914386 0.7401763613861385 0.015433896330809552 0.7061417079207921 0.0 0.6752011138613861 0.0 0.655863242574257 0.016598718695399004 0.6427134900990094 0.02708211997670356 0.6280167079207916 0.06086196854979625 0.6372988861386133 0.10629004076878308
