3 0.3847047715883506 0.619913352932075 0.3968092575108335 0.5986384032183196 0.41315031350618536 0.5967043168807055 0.43493838816665453 0.6102429212440044 0.4555160142348754 0.6663314250348136 0.4615682571961169 0.7456289648769922 0.4591473600116203 0.7997833823301872 0.44522720120076503 0.8674764041466811 0.4216234536519234 0.902289958223735 0.39438836032633695 0.8964876992108926 0.3774420800348609 0.8462014544329258 0.36412714552012976 0.7765743462788177 0.36533759411237804 0.6953427200990251 0.37865252862710924 0.64118830264583
4 0.48214588326433777 0.8578059724586106 0.500302612148062 0.902289958223735 0.5335899484348899 0.9216308215998762 0.5511414530224901 0.8926195265356646 0.5680877333139662 0.8326628500696269 0.5741399762752076 0.7378926195265355 0.5614302660566006 0.6450564753210583 0.5408526399883797 0.5909020578678632 0.5160384438472898 0.587033885192635 0.49061902341007574 0.623781525607303 0.47730408889534465 0.658595079684357 0.47004139734185485 0.7146835834751663 0.4688309487496066 0.7688380009283613 0.4724622945263514 0.8191242457063284
5 0.6031907424891665 0.8984217855485067 0.6171109013000218 0.919696735262262 0.6358728544798703 0.9390375986384032 0.6612922749170843 0.9254989942751043 0.6794490038008086 0.8926195265356646 0.6915534897232914 0.8481355407705401 0.6957900597961605 0.7843106916292741 0.6963952840922846 0.7069472381247099 0.6885273682426708 0.6315178709577595 0.668554966470574 0.5831657125174067 0.64313554603336 0.5638248491412657 0.6092429854504079 0.5909020578678632 0.5898758079744353 0.6508587343339006 0.579586994940325 0.7359585331889216 0.5826131164209456 0.8229924183815563 0.5910862565666836 0.8694104904842951
6 0.7466289006705885 0.5560885037908091 0.7236303774178711 0.5831657125174067 0.7103154429031399 0.656660993346743 0.7030527513496502 0.7378926195265355 0.7084997700147675 0.8423332817576975 0.7206042559372504 0.9042240445613493 0.7472341249667127 0.9506421166640879 0.7726535454039267 0.9603125483521585 0.7968625172488925 0.9274330806127185 0.8192558162054857 0.8732786631595234 0.8319655264240928 0.7862447779668883 0.8307550778318444 0.6972768064366394 0.8174401433171133 0.6179792665944607 0.7968625172488925 0.5580225901284234 0.7684169753310577 0.5444839857651246
8 0.8428595637543274 0.7630357419155192 0.8470961338271963 0.8365310227448554 0.8585953954535551 0.8964876992108926 0.879173021521776 0.9429057713136315 0.9112499092163555 0.9815874980659135 0.9348536567651972 0.9661148073650007 0.9626939743869078 0.9274330806127185 0.9796402546783839 0.8790809221723656 0.9893238434163701 0.7862447779668883 0.9856924976396253 0.6682655113724276 0.967535768755901 0.5754293671669503 0.9348536567651972 0.5135386043632987 0.8991454232938726 0.5135386043632987 0.8676737598954172 0.5618907628036515 0.8507274796039411 0.6257156119449171 0.8428595637543274 0.7069472381247099
13 0.8573849468613068 0.12478725050286243 0.8688842084876655 0.08997369642580837 0.8882513859636381 0.04935788333591209 0.9166969278814728 0.02034658827170039 0.9445372455031835 0.03968745164784152 0.9705618902365216 0.09964412811387893 0.9875081705279976 0.17894166795605748 0.9947708620814874 0.27371189849914895 0.9850872733435011 0.3568776110165557 0.9645096472752802 0.4381092371963483 0.930011862396204 0.4806591366238588 0.8967245261093761 0.4748568776110166 0.8694894327837895 0.42650471917066374 0.8477013581233205 0.33753674764041464 0.8434647880504516 0.24856877611016553 0.8464909095310722 0.17700758161844338
17 0.824702834870603 0.36848212904224037 0.8337811993124652 0.30272319356336064 0.8349916479047135 0.21568930837072564 0.8295446292395962 0.14799628655423175 0.8083617788752512 0.06869874671205321 0.7829423584380371 0.051291969673526186 0.7551020408163265 0.05516014234875438 0.7308930689713607 0.08610552375058017 0.7163676858643813 0.15766671824230233 0.7097102186070157 0.24663468977255143 0.715157237272133 0.34333900665325695 0.7333139661558573 0.4187683738202072 0.7623647323698162 0.4613182732477177 0.7895998256954027 0.45358192789726126 0.8138087975403685 0.41683428748259316
14 0.6915534897232914 0.3530094383413275 0.6994214055729053 0.31045953891381706 0.7000266298690295 0.2311619990716385 0.6903430411310432 0.1383258548661612 0.6649236206938292 0.07256691938728141 0.638898975960491 0.06483057403682495 0.6134795555232769 0.08997369642580837 0.6001646210085457 0.1402599412037753 0.5904810322705595 0.20408479034504098 0.5862444621976904 0.3162617979266594 0.6062168639697872 0.4052297694569084 0.6298206115186288 0.44971375522203305 0.6588713777325877 0.4439114962091907 0.681264676689181 0.4032956831192944
18 0.5535623502069867 0.4052297694569084 0.5650616118333455 0.37428438805508274 0.57595564916358 0.3143277115890453 0.5771660977558284 0.2272938263964103 0.567482509017842 0.15379854556707406 0.5341951727310141 0.08803961008819428 0.5051444065170552 0.10351230078910721 0.4797249860798412 0.1731394089432152 0.47064662163797905 0.24470060343493727 0.47669886459922045 0.3491412656660993 0.500302612148062 0.41683428748259316 0.5281429297697726 0.4400433235339625
19 0.45370034134650306 0.37041621537985453 0.4645943786767376 0.33173448862757227 0.46701527586123415 0.27371189849914895 0.4651996029728618 0.20215070400742688 0.44946377127363396 0.13058950951570472 0.4204130050596751 0.10351230078910721 0.39317791173408867 0.13445768219093293 0.3774420800348609 0.20215070400742688 0.37320550996199187 0.2930527618752901 0.3853099958844748 0.3800866470679251 0.4028615004720749 0.4090979421321368 0.42283390224417167 0.42070246015782137 0.440990631127896 0.40136159678168026
